845
346
1724
344
1725
899
1845
345
1726
849
1741
348
1727
853
1753
883
1748
1740
341
851
1746
347
1732
847
353
1733
1860
891
340
1774
280
1734
1640
1747
342
1639
1817
871
1814
887
281
1869
1735
859
1775
1789
354
1880
41
1776
957
1836
1660
1868
863
343
1790
1788
360
995
2128
362
1791
895
1147
2507
1742
349
1888
947
1899
361
1889
973
2078
1143
364
2076
2014
394
2266
1047
2257
350
1898
351
1645
1883
879
1844
338
893
352
1884
1977
933
1931
1846
339
1847
897
1894
1662
1752
337
2097
981
323
1892
2098
1754
985
2106
335
1023
2197
2096
322
1634
2561
1638
2105
324
2562
1170
321
2563
2725
53
2198
1241
2723
1149
52
2512
2199
1039
2246
2025
951
336
1921
1893
0
909
1922
1882
913
1920
1
1824
1768
857
2
1769
1129
1767
393
873
1822
389
1766
11
945
2008
14
2009
392
1823
975
2082
1978
390
1979
1646
2083
391
2203
1025
2204
1043
2205
388
2013
2265
846
762
1728
761
1729
850
1743
763
1730
900
1900
765
1731
854
1755
884
1861
758
1744
852
1750
764
1751
1737
848
770
1738
892
1736
706
1698
759
1749
1820
872
1821
707
1739
860
1777
888
1871
771
1778
1697
1916
478
1779
958
2040
1718
1840
705
878
1841
480
1842
1792
864
760
1793
777
1794
996
1917
779
1795
896
1891
1148
2509
766
1745
948
2015
1890
778
974
2079
1144
2081
781
2267
808
2016
1048
2268
767
1044
2258
802
2206
1901
768
1848
1703
1980
880
1849
755
1850
894
1885
769
1886
934
756
1851
898
1895
1720
2101
754
982
1897
744
2099
1756
757
1757
986
2107
1881
1719
2109
494
2274
1050
2272
479
2039
990
2117
1998
940
681
1999
713
1843
1686
2142
1993
938
712
1994
1000
2136
1872
704
1873
1689
1765
856
1762
732
703
1763
984
1992
731
1764
908
1919
924
1957
1818
772
1819
906
1833
876
774
1834
798
1835
926
1832
773
942
1961
789
2003
1182
2590
1856
882
730
1857
729
1858
930
1958
795
1859
886
1867
1064
2312
1866
797
1865
796
1702
2066
702
964
2056
790
2004
2031
954
701
2032
1969
716
1970
968
2065
2030
715
992
725
2062
2121
1116
2048
960
2045
656
2447
699
2046
651
2047
1175
2288
1684
2103
700
2314
1066
2141
652
2289
2140
653
1068
2318
998
2135
640
1714
2366
641
2317
1086
2243
2134
654
1012
2052
2000
962
711
2168
2053
679
2054
1028
2178
1171
2565
1156
639
2211
710
2531
2169
1038
2244
1016
588
2179
680
2180
514
2181
1300
2382
1441
3146
619
2242
1270
618
2789
2364
1164
2532
616
2365
1228
2695
647
2696
1132
2453
642
2290
1054
2287
644
1250
2481
617
1118
2692
2576
2452
610
1226
2337
643
2740
1076
645
2256
2691
1286
2815
655
2575
1433
2336
657
2799
659
1042
2338
1276
2471
658
2825
1292
2642
2255
661
1126
2469
660
2643
1204
2477
717
2222
1032
591
2223
1128
2470
662
2475
1224
2221
592
2224
1088
2369
1687
2158
718
1008
2159
601
2145
1937
916
719
1938
1002
2146
724
1939
922
1952
670
1905
902
1904
723
1953
944
1878
890
783
1879
722
1813
2006
1787
862
669
1784
956
671
1785
918
1945
598
1946
721
1786
866
1799
870
1811
673
1800
868
1806
720
1801
912
1929
980
1965
477
1812
1805
672
920
297
1926
1949
596
1676
1944
1058
476
2300
1877
1106
2299
475
2420
597
2328
1060
2304
842
2305
1084
2036
599
2359
2035
1120
600
2360
1196
2627
2370
602
2457
1232
792
2557
2700
1708
791
2554
1167
2476
2555
2553
664
1168
2558
793
2556
666
1272
2688
663
2791
1700
2669
2493
1138
668
2310
1216
2670
665
2668
1715
2850
2092
978
667
2093
1267
2781
627
2782
1302
593
2090
1268
2784
674
2091
1124
2465
1062
2215
1030
844
2216
2309
590
2150
2126
994
595
2070
1004
2151
970
2071
1807
296
2069
2125
440
969
2067
1948
919
239
1802
867
240
1803
1927
1797
865
238
1780
861
300
1781
1798
236
1782
917
1941
301
1783
869
1810
901
1902
979
299
1809
40
2094
1796
911
1928
1808
39
889
1057
2298
1875
1874
366
1105
38
2297
2419
302
1876
943
1951
1903
237
921
1950
303
1971
955
1943
1933
915
294
1934
1001
2034
166
2143
293
1935
1007
2144
168
2156
1119
2357
305
1936
1630
2119
931
1972
367
2005
306
1973
935
1983
965
2057
369
1984
1073
2330
368
1985
1005
2152
1177
2579
304
2058
967
307
2063
2059
1643
2460
291
1967
991
929
308
1968
2064
1644
1864
1852
881
309
1853
372
1854
925
1956
380
1855
885
1862
381
1063
2002
382
1863
923
1954
310
1918
1758
855
277
1759
278
1760
983
2055
311
1761
907
1815
383
1631
355
1816
1831
875
1828
905
357
1829
1914
356
1830
1181
2127
941
2001
1915
359
2589
1960
373
2311
358
2588
858
445
1770
807
1771
874
1827
454
1772
446
1773
910
1924
946
2010
1826
806
1825
803
914
976
2084
1923
444
1887
1932
952
1925
752
1896
1024
2202
753
2026
1040
2247
489
2200
1130
471
2248
1160
2538
2012
457
2479
1668
2416
470
1104
2417
2539
2011
455
1192
456
2296
2173
972
2075
2074
464
1014
458
1911
2235
1036
2236
904
461
1912
2172
1667
459
2237
2191
1020
1910
463
2192
466
1913
1010
2163
465
2164
467
2165
1022
462
2190
2196
1158
2535
1046
2264
2195
472
1090
448
2262
2374
1098
2396
24
2393
447
2263
1146
2434
1666
2761
460
2238
1056
2294
468
2295
1306
2506
469
1102
2409
2415
488
2410
1152
2518
474
2519
481
2411
1367
2528
1669
2721
1200
2633
751
2279
1052
491
2280
486
2281
1154
741
2282
1142
2504
1150
2514
2503
498
1691
2771
2502
485
1379
2527
483
2976
1670
2857
490
1244
2201
1242
2726
492
2727
742
2728
1282
2810
1692
2568
743
1172
2569
740
2570
2100
1696
2567
745
1198
2630
2108
1078
2341
746
2342
495
1699
2748
2273
1721
2487
683
1136
2488
748
2427
1254
2118
1230
2489
684
1110
2428
2698
738
2429
2380
1092
511
2381
1188
2613
2379
1694
2566
682
517
1355
2970
2845
515
2846
1377
2969
518
3004
1672
3051
579
3005
1401
516
3052
1515
3299
545
3053
1571
3343
1581
3298
580
3403
2901
1326
501
2876
1677
1314
500
2877
2902
2875
502
1334
2916
2838
1296
737
2839
2833
1294
505
2830
1337
2923
504
2831
1351
2922
526
2961
2619
1190
529
2620
1693
2611
509
2612
1483
1218
528
2621
2673
1319
496
2738
2618
1710
2955
747
2674
1248
739
2887
2631
2737
1369
527
2770
1262
493
2731
2732
2769
497
1695
2956
2772
1304
2856
499
1349
2957
2886
2855
484
1439
3141
2858
503
1521
2960
1587
3309
812
3427
3045
1399
823
3046
736
2832
1371
2994
734
2840
512
2841
1347
2951
2605
1186
523
2606
2604
513
1671
537
2607
1274
2797
1509
2991
2796
530
1365
2989
536
3290
2795
525
1320
2888
1429
2908
531
2889
1395
3041
532
2890
1495
3246
1547
3358
1329
522
2909
2907
520
1459
3193
521
2910
1453
3178
1690
2950
733
3282
1505
3057
825
3179
1403
749
3283
1531
3189
2995
735
3056
1457
3188
839
3326
1706
824
3171
1451
3091
3089
1417
3047
829
3172
827
3090
1445
3159
1537
826
3157
3332
828
3158
1469
3212
831
3173
1539
3335
830
3213
1722
3384
833
3336
1559
3382
836
1589
3430
3305
1519
835
3303
519
1569
3406
3177
1467
3209
329
3208
3304
330
1466
3207
3190
1458
83
2904
1328
85
2905
3191
2903
86
1428
2794
1273
88
2603
3120
1185
2600
100
2792
75
2601
1346
2948
76
2602
1508
3289
1613
2836
1364
93
2988
99
2986
2793
1318
2884
63
1295
2899
2835
316
1332
2828
1293
68
2829
2912
2827
67
1350
2958
2826
315
1370
2834
1398
3044
313
2992
2837
2949
312
1402
314
2993
3054
1632
2906
84
3280
1504
328
3055
1456
3187
3176
1452
413
3281
1530
429
3168
3302
3174
1450
412
3169
3186
3087
1416
417
3088
3086
1648
415
1444
3154
3042
410
3043
1536
3156
414
3331
1586
3426
66
2959
89
2920
1652
2953
2615
1189
59
2616
1348
2954
2614
92
1336
2921
91
2617
1217
2671
1317
2881
2610
1187
317
2426
1109
2424
74
2608
2375
1091
252
2376
248
2377
1636
2697
80
2378
1299
2177
1354
2966
1015
2174
77
2844
247
2175
1169
2051
961
249
1995
939
221
1996
2049
43
1839
989
2115
877
287
1997
997
2133
1837
2037
42
2038
279
1838
1628
1991
1870
937
1989
286
2139
274
1990
1065
2313
2102
273
1626
218
2286
2041
959
2042
275
2043
963
2029
953
276
1955
2027
290
2028
1115
2218
223
2044
1173
2571
2120
1629
2157
159
2219
1087
2367
1031
2220
158
2217
292
1203
2474
2446
169
2368
1650
2699
1291
2641
225
2824
2456
167
1231
2626
374
2472
1083
2033
165
2301
1942
164
1059
433
2302
2358
1618
1804
163
2327
1071
434
2303
2124
1137
2307
993
435
2308
1061
235
2214
2491
2068
162
2123
1029
241
2148
2086
977
2087
1003
157
2213
1123
160
2088
2183
2149
234
2089
1266
2715
1215
2665
2147
1017
156
295
2184
1018
242
2182
1297
2842
2185
589
2186
1298
2803
438
2773
1238
2717
2716
594
1278
2802
675
2775
1264
2650
1208
714
2651
2542
632
2652
1357
2718
2443
1114
708
2444
1310
2867
631
2323
1070
634
2324
2866
1685
586
2445
2392
1096
2326
637
2391
614
2325
1180
1408
2756
2587
2387
1094
587
2348
1194
2624
636
2625
2346
1080
585
2388
709
2230
1246
2734
2228
1034
678
2347
1220
2678
2212
2229
1234
541
2679
2703
543
2680
1595
3239
1499
3270
542
3271
547
2704
1461
3198
2895
1324
546
2896
1681
583
2353
2999
1373
1082
584
2354
558
2355
794
2356
1134
2483
1176
2577
2386
676
1140
2497
378
2494
2442
1162
2498
379
1139
2495
2541
377
2482
1174
2574
2352
1081
123
2349
150
2350
1372
2998
151
2351
1133
2384
244
1323
2893
1093
153
2385
2440
1113
2441
152
2344
1079
154
2345
2383
1095
2389
2343
283
1193
204
2321
2623
2226
1033
246
2227
1219
2225
284
1245
203
2622
2530
1406
2891
2210
1027
155
1233
2675
105
2701
2176
2050
285
2209
1011
2132
207
2166
2131
220
1656
2316
999
2138
219
1067
2285
208
2363
1085
2361
2137
2239
1037
186
2240
206
2167
1155
2529
185
2241
1163
2543
205
2733
182
2544
1321
2752
1386
2787
2749
1255
202
253
2750
181
2751
2322
1434
3131
1069
2319
198
2320
1179
2582
201
1309
2865
2390
1627
2864
282
2438
288
2439
1207
2649
199
2647
1356
1161
2540
2496
289
1263
2648
2774
243
1277
2800
2801
2713
1237
161
2714
197
2464
2584
2583
190
1315
2879
1654
189
2593
2659
1213
2660
1183
192
2594
191
2595
2780
2592
188
1362
2981
1620
2778
180
2661
1418
170
2982
3092
1265
2776
2779
232
2666
233
2667
1271
2790
2552
1166
231
2548
1165
375
2549
2550
2547
2473
1127
229
2466
1223
2685
1125
227
2467
228
2252
1041
2249
226
2468
1275
2335
187
2250
1301
2686
177
2251
1075
2333
224
1201
2634
2798
212
2334
1225
2449
1432
2814
1117
184
2690
2448
183
1131
2362
2315
209
2480
1249
210
2284
1053
211
2739
1285
2572
2283
222
2689
2640
903
21
1906
18
1907
1013
2073
20
1908
1019
2187
25
1909
1009
2162
971
2072
12
2170
2007
1191
15
2413
2161
22
2171
1609
2231
16
1035
2232
13
2233
1103
2188
19
2189
1045
2259
1021
2193
26
2160
1157
2394
31
2194
1089
1097
2395
2533
2261
4
2371
2260
3
1608
2430
1145
2234
17
2505
1055
2293
2292
27
1305
9
2431
2516
2291
28
1101
2407
2406
51
1151
37
2517
2859
1396
2515
50
1239
2719
2682
2398
1099
333
2399
261
2400
1251
2742
257
2401
1209
2653
1221
2018
10
949
36
2019
259
2020
2681
1651
2112
2017
35
987
2110
5
1327
2804
2433
2023
950
689
2024
2022
473
988
34
2111
2113
1330
2911
2021
687
1210
2656
1222
2404
449
2114
1331
7
2861
2760
1709
2683
453
2436
1112
2437
487
1100
2403
750
1240
2722
2402
690
1252
2744
2405
452
1397
2684
2655
688
1260
2764
650
2745
1280
2807
2520
2711
1236
2710
649
2709
648
1353
2965
1375
2938
686
2712
1312
2813
691
2746
1361
2977
482
2526
1359
2978
2525
507
2979
1525
2937
1343
508
3274
2936
692
1405
3013
2939
2964
693
1383
3011
840
3060
1680
3127
838
3012
1415
3085
1487
3250
694
1431
2870
3249
256
3126
2868
1311
255
2812
1283
2811
254
2707
1235
215
2708
2869
1430
3124
411
2706
216
1352
2934
2705
217
1259
2763
1374
2743
2741
262
2975
258
2654
1279
2805
332
2806
1360
2720
45
2521
1153
46
2522
2972
44
2523
1611
2408
1366
49
2524
1378
2501
2275
1051
334
2276
54
2277
1199
2632
2412
320
2278
1141
2499
48
2511
29
2537
2414
1610
2478
30
2536
1159
2245
2129
776
2130
2591
775
298
1930
1947
927
1962
928
1964
441
1966
386
1963
801
2095
726
1940
932
1974
1688
2060
784
1975
727
1976
936
1988
966
2061
2122
1987
786
1074
2332
1986
785
1006
1178
2581
2155
2154
787
1108
2421
1212
2658
800
2580
788
2423
1959
1981
804
1982
1704
2208
805
1026
2085
2207
728
1701
2331
2463
799
2461
1122
2462
363
2077
1287
2816
365
2508
780
2080
1288
2510
782
2817
57
2104
1077
2270
1661
2271
1049
58
2340
2269
1663
2116
251
2485
1135
2486
1229
2425
2559
327
2484
1253
2672
1641
2747
325
2339
1197
2628
326
2629
319
1247
2564
1281
2735
318
2809
2736
55
1368
2882
90
2765
2724
1243
2729
56
2730
1261
2766
1633
2768
61
2500
1612
2767
60
2854
1303
2851
1637
62
2852
2952
47
2853
1438
3139
2973
1520
409
3140
3307
1358
70
2974
1524
3138
2932
1342
71
2933
263
1404
3058
2935
2962
264
2963
1382
3009
430
3010
1622
3248
3008
428
1414
3080
1486
3234
265
405
3081
1464
3059
431
3205
1500
3272
1426
403
3114
3082
1478
3232
404
3115
1448
3162
402
3116
1490
400
3233
3257
407
3163
406
3164
1488
3251
1665
3252
3273
69
408
1606
3306
398
3446
3253
3155
416
1468
3170
419
3210
1538
3325
418
3211
1664
3334
421
3379
1558
3380
426
3333
1588
3301
1518
425
3428
3300
82
1568
3175
3404
432
3405
1600
3435
1601
424
3390
1562
3387
422
423
3388
1563
3392
834
3393
420
3389
1649
3381
3429
832
3391
1707
3383
442
3374
1554
399
3375
3258
3327
1532
401
3328
1555
3376
427
3247
1492
3261
443
3262
1533
3125
1493
3263
837
3128
3237
1479
814
3235
816
1491
3259
3083
818
3084
1427
3118
815
3119
1465
3166
841
3061
1501
3275
3117
817
1449
820
3167
3206
1723
3255
822
1489
3165
819
3256
3142
506
3143
3308
1607
3254
821
3447
3260
813
3329
370
2153
1211
2578
1107
2422
371
2418
385
2657
2253
620
2254
1202
2638
2849
2637
629
1339
2926
608
2639
1335
1393
628
2927
1381
3007
3035
621
2783
1678
2597
1184
625
2598
2596
622
1316
2880
624
2599
1214
2663
1363
2983
2662
1712
2586
623
2585
630
2785
843
2306
2492
1072
384
2329
1121
2459
2458
8
2372
1257
2757
1205
2645
32
2397
1206
2644
33
2646
1307
451
1308
2862
2863
2373
1258
2762
450
2435
2860
1111
2432
2758
6
2759
2450
200
2451
1655
2914
1227
2694
2693
214
1269
2786
1289
2819
176
2820
1333
213
1340
2818
174
2928
1446
2913
396
3063
3020
2915
175
1407
3034
395
3160
1496
3062
172
1392
2635
3181
196
2636
2924
1338
195
3033
1621
3006
2848
194
2925
1380
193
3182
2777
2980
1657
2847
230
1454
3180
171
1647
3093
3023
1388
397
3024
3022
173
1462
3201
2929
1470
3202
178
3129
179
3130
1596
2454
633
2455
1713
2823
1290
609
2917
2918
2821
607
2822
1341
2788
1447
3161
810
2919
646
2931
1387
2545
615
2754
2546
638
1322
2892
1256
685
2755
635
2753
1435
3132
612
3133
1597
2664
613
3095
1419
811
3203
1463
3026
611
3134
2985
603
3094
1705
3184
2984
626
1455
604
3185
3027
1679
605
3183
1497
3065
3036
3025
1389
2930
606
1471
3021
3204
376
2490
1195
1642
2551
2513
23
2534
250
2560
272
2573
1390
3028
1391
140
3029
3032
125
3030
1528
3321
1615
3396
3031
560
1529
3323
437
3322
1673
3104
3098
1420
124
3096
1564
143
2996
106
2997
1512
3148
2942
1344
266
2943
2941
104
1594
3238
2940
268
1384
3014
1480
3216
2677
107
3269
2676
1498
2894
110
3268
1623
72
2609
1482
2968
1635
2873
1313
65
2874
64
2871
2872
1325
2897
147
2898
1514
3297
1566
3400
101
3288
1582
3401
113
1580
3340
3337
1540
145
109
3338
3422
1598
3424
98
2987
1602
3437
144
3339
1570
3049
1400
79
3050
3385
3048
78
1614
2843
1376
3002
146
3003
3145
81
3296
2967
73
1619
3240
1440
3144
111
1560
3195
2702
1460
108
3341
3196
103
3197
1541
112
3215
1472
267
3342
1552
3284
3214
269
1506
138
3108
3371
3016
3015
245
1424
136
3109
3285
1574
3276
1516
3294
134
3110
1502
137
3220
1510
3414
3292
149
3076
1412
3074
132
3221
1474
135
3066
3277
1659
3442
1410
133
3067
119
3068
3222
1658
3355
122
3069
1556
3360
1590
3377
121
3264
1494
95
3265
3356
2885
94
2883
1394
3037
1546
3354
102
3038
1484
3244
436
3039
3040
1436
3136
1485
3243
271
3245
1437
270
3135
3123
87
1534
3330
3121
524
3137
1535
3122
3194
331
3192
2687
260
2808
1284
2878
3241
510
2971
2900
1567
3291
538
3402
1583
549
3423
3345
1542
578
3346
1599
2990
535
3434
1603
3439
577
1585
3425
573
3415
1683
3441
571
3416
1575
572
3278
3373
1553
3286
1503
570
3279
3287
1507
696
3111
3348
1425
698
3112
568
3113
3217
1473
3019
3017
1385
697
677
3018
3218
1511
3223
2946
1345
695
2947
1517
3293
582
3153
2945
540
1481
539
2944
1513
3295
581
1443
3078
3152
576
3000
3001
1422
3102
575
1413
3151
1711
3231
574
3103
1477
3106
3077
554
1423
552
3107
3229
3070
1411
566
3071
567
3072
1475
557
3073
1557
3378
1591
556
3369
3224
3079
569
3225
1716
3444
1717
3440
3359
533
3357
1605
3445
534
3267
3266
565
1551
3319
1527
564
3368
3318
3315
1523
129
3313
1526
3242
131
3317
1550
130
3310
1522
3311
439
3366
128
3312
1544
3349
1624
3367
120
3362
1548
116
3350
1616
3361
118
3409
1572
3100
1421
117
3101
3075
3407
142
3099
1476
3227
1442
3150
3149
1653
3097
141
3228
1617
126
3226
3395
1576
3394
127
3417
3320
1578
115
3420
3408
1592
3419
114
1579
3324
3432
562
3418
1565
3399
387
1593
3421
550
1577
3398
561
3412
3230
3410
1573
3105
551
3352
553
3411
1674
3365
1549
563
3353
1545
3316
3363
3314
3351
1682
3364
555
1409
3064
809
559
1675
3397
3147
1561
3386
544
3199
3200
1543
3347
548
3219
3372
3344
148
3236
96
1604
3436
3443
97
3438
1625
139
3413
1584
3370
3433
3431